64,3
64,2
64,1
64,0
63,35
3,2
10,311
10,195
10,167
10,287
10,141
10,271
10,291
10,265
10,2
11,2
9,2
9,3
8,9
8,18
8,4
8,2
8,3
20,3
20,2
20,1
19,3
19,2
19,1
18,3
18,1
12,3
12,2
12,1
11,29
11,28
11,27
11,26
11,25
11,24
11,23
11,22
11,21
11,20
11,19
11,18
11,17
11,16
11,15
11,14
11,13
11,12
11,11
11,10
11,9
11,8
11,7
2,2
11,6
11,5
2,1
11,1
11,4
2,3
11,3
<<<<<<< HEAD
10,279
10,253
10,233
10,219
=======
11,2
11,1
10,313
10,312
10,311
10,310
10,309
10,299
10,293
20,2
20,1
10,280
20,3
10,250
10,212
10,210
19,2
19,1
10,204
19,3
10,196
10,180
>>>>>>> 46e187ec6fd08744c02b823580bbff5fe844981c
